object {
box {
center_x: -33.12730407714844
center_y: -5.9347944259643555
center_z: 0.8840999007225037
width: 0.8434931635856628
length: 0.830409824848175
height: 1.8874526023864746
heading: 5.449946880340576
}
type: TYPE_PEDESTRIAN
}
score: 0.1450897604227066
context_name: "6228701001600487900_720_000_740_000"
frame_timestamp_micros: 1557196123997354